==============================================================================
RESOCONTO - ijepa_vit_small_finale - epoca 280/300
DA BATTERE - encoder casuale su P3_K16 = 0.4847   (sonda lineare 0.7477)
CRITERIO: P3_K16, 16 token per tutti. La colonna P1 ctrl e' di CONTROLLO e non giudica:
se K16 sale mentre P1 resta piatta, il protocollo del brief sta leggendo la bbox e non l'encoder.
==============================================================================
 epoca  K16 *crit*  PR-AUC5  P1 ctrl   lineare     k-NN   rango  R2 int  R2 dim
     4         nan      nan      nan    0.7432   0.7394    2.91     nan     nan
     9      0.4930   0.3775   0.7490    0.7549   0.7348    2.88   0.992   0.886
    14         nan      nan      nan    0.7523   0.7333    2.59     nan     nan
    19      0.5212   0.4330   0.7502    0.7587   0.7088    2.36   0.991   0.885
    24         nan      nan      nan    0.7663   0.6912    2.35     nan     nan
    29      0.5442   0.4706   0.7542    0.7582   0.6506    2.45   0.991   0.885
    34         nan      nan      nan    0.7566   0.6101    2.62     nan     nan
    39      0.5421   0.4710   0.7591    0.7525   0.5426    2.85   0.991   0.886
    44         nan      nan      nan    0.7528   0.4865    3.15     nan     nan
    49      0.5530   0.5082   0.7553    0.7478   0.4588    3.49   0.991   0.884
    54         nan      nan      nan    0.7416   0.4017    3.83     nan     nan
    59      0.5462   0.4839   0.7576    0.7366   0.3895    4.14   0.991   0.881
    64         nan      nan      nan    0.7321   0.3749    4.42     nan     nan
    69      0.5591   0.4660   0.7530    0.7368   0.3567    4.70   0.991   0.877
    74         nan      nan      nan    0.7380   0.3592    5.00     nan     nan
    79      0.5534   0.4899   0.7522    0.7403   0.3751    5.32   0.990   0.874
    84         nan      nan      nan    0.7425   0.3776    5.65     nan     nan
    89      0.5415   0.4182   0.7566    0.7424   0.3857    6.00   0.990   0.871
    94         nan      nan      nan    0.7377   0.3975    6.35     nan     nan
    99      0.5526   0.4762   0.7514    0.7347   0.3918    6.70   0.989   0.869
   104         nan      nan      nan    0.7310   0.3964    7.08     nan     nan
   109      0.5409   0.4357   0.7546    0.7217   0.4194    7.45   0.988   0.868
   114         nan      nan      nan    0.7137   0.4184    7.83     nan     nan
   119      0.5457   0.4054   0.7531    0.7118   0.4248    8.21   0.987   0.869
   124         nan      nan      nan    0.7094   0.4289    8.58     nan     nan
   129      0.5185   0.4450   0.7438    0.7113   0.4351    8.97   0.986   0.870
   134         nan      nan      nan    0.7169   0.4387    9.35     nan     nan
   139      0.5305   0.4903   0.7422    0.7142   0.4588    9.72   0.985   0.871
   144         nan      nan      nan    0.7094   0.4440   10.10     nan     nan
   149      0.5325   0.4871   0.7412    0.7076   0.4527   10.46   0.985   0.872
   154         nan      nan      nan    0.7110   0.4451   10.82     nan     nan
   159      0.5390   0.4716   0.7296    0.7076   0.4486   11.16   0.984   0.873
   164         nan      nan      nan    0.7122   0.4580   11.50     nan     nan
   169      0.5515   0.4797   0.7348    0.7150   0.4708   11.82   0.984   0.873
   174         nan      nan      nan    0.7131   0.4641   12.13     nan     nan
   179      0.5584   0.4426   0.7478    0.7122   0.4678   12.43   0.983   0.873
   184         nan      nan      nan    0.7149   0.4597   12.70     nan     nan
   189      0.5486   0.4830   0.7257    0.7091   0.4666   12.96   0.983   0.872
   194         nan      nan      nan    0.7088   0.4573   13.20     nan     nan
   199      0.5523   0.4441   0.7306    0.7068   0.4617   13.42   0.983   0.872
   204         nan      nan      nan    0.7046   0.4689   13.62     nan     nan
   209      0.5563   0.4248   0.7282    0.7029   0.4631   13.79   0.982   0.872
   214         nan      nan      nan    0.7043   0.4598   13.95     nan     nan
   219      0.5421   0.5048   0.7247    0.7060   0.4547   14.09   0.982   0.871
   224         nan      nan      nan    0.7043   0.4574   14.22     nan     nan
   229      0.5481   0.4218   0.7321    0.7066   0.4602   14.32   0.982   0.871
   234         nan      nan      nan    0.7073   0.4589   14.42     nan     nan
   239      0.5413   0.3751   0.7158    0.7051   0.4484   14.50   0.982   0.871
   244         nan      nan      nan    0.7034   0.4536   14.57     nan     nan
   249      0.5589   0.4199   0.7224    0.7055   0.4535   14.63   0.982   0.871
   254         nan      nan      nan    0.7055   0.4477   14.67     nan     nan
   259      0.5462   0.4928   0.7200    0.7032   0.4477   14.71   0.982   0.871
   264         nan      nan      nan    0.7032   0.4477   14.74     nan     nan
   269      0.5414   0.4125   0.7322    0.7032   0.4473   14.76   0.982   0.871
   274         nan      nan      nan    0.7025   0.4499   14.78     nan     nan
   279      0.5463   0.4248   0.7389    0.7008   0.4477   14.79   0.982   0.871

Tendenza sulle ultime 3 sonde (downstream): stabile (+0.0000 per sonda)
Migliore finora (downstream): 0.5591 all'epoca 69  (+0.0744 vs casuale)
==============================================================================
